68569695 24990104 43194335 63698411 57802165 25488238 19085207 76438076 7079887 38730747 57802165 63698411 19085207 68380492 63698411 7079887 24990104 32043323 29346471 74276887 57802165 6399725 63698411 24990104 41779874 74276887 63698411 16956399 21799577 63698411 43194335 57802165 68380492 57802165 19085207 43194335 73741122 6544076 57802165 43194335 44596730 63698411 68569695 24990104 43194335 63698411 57802165 19085207 73741122 6544076 63698411 68380492 57802165 74276887 63698411 24990104 14241063 63698411 14241063 41779874 15969139 15969139 21799577 63698411 74276887 57802165 43194335 76438076 68380492 6617684 63698411 76088323 8402439 63698411 74521690 68380492 41779874 16956399 68380492 57802165 74276887 57802165 12354707 63698411 25174809 76088323 6617684 63698411 76088323 74521690 7079887 43194335 24990104 6399725 9247591 9341284 76438076 74521690 32043323 29346471 
8402439 50105672 76438076 76088323 63698411 43194335 57802165 7079887 43194335 57802165 68380492 57802165 29346471 74276887 68380492 63698411 19085207 63698411 73741122 24990104 29346471 79585239 41779874 29346471 73741122 74276887 32043323 24990104 29346471 63698411 24990104 14241063 63698411 74276887 6544076 57802165 63698411 14241063 41779874 15969139 15969139 21799577 63698411 74276887 57802165 43194335 76438076 68380492 63698411 32043323 29346471 63698411 76088323 8402439 76088323 44596730 63698411 68569695 24990104 43194335 
32043323 29346471 68380492 74276887 19085207 29346471 73741122 57802165 6617684 
63698411 38730747 57802165 74276887 63698411 76088323 8402439 38838953 74521690 9341284 76438076 9247591 9341284 71262389 6617684 30431473 50105672 6617684 76438076 9247591 9341284 30431473 6617684 71262389 50105672 6617684 76438076 9247591 9341284 35821223 6617684 30431473 50105672 74521690 50105672 74521690 68380492 41779874 16956399 68380492 57802165 74276887 57802165 12354707 63698411 25174809 76088323 6617684 63698411 19085207 63698411 29346471 57802165 38400221 
14241063 41779874 15969139 15969139 21799577 63698411 73741122 24990104 29346471 73741122 57802165 7079887 74276887 63698411 39378094 39378094 76088323 76438076 9247591 9341284 71262389 6617684 30431473 50105672 76088323 63698411 19085207 29346471 6399725 63698411 76088323 76438076 9247591 9341284 30431473 6617684 71262389 50105672 76088323 63698411 19085207 29346471 6399725 63698411 76088323 76438076 9247591 9341284 35821223 6617684 30431473 50105672 76088323 74162947 63698411 38400221 32043323 74276887 6544076 63698411 74276887 6544076 57802165 63698411 38730747 32043323 29346471 12844339 41779874 32043323 68380492 74276887 
32043323 29346471 74276887 57802165 43194335 7079887 43194335 57802165 74276887 19085207 74276887 32043323 24990104 29346471 63698411 39378094 39378094 74521690 57802165 76438076 7079887 6544076 9341284 68380492 6544076 24990104 43194335 74276887 63698411 68380492 57802165 7079887 19085207 38730747 63698411 19085207 29346471 6399725 63698411 38400221 32043323 6399725 57802165 63698411 68380492 57802165 7079887 19085207 38730747 63698411 19085207 29346471 6399725 63698411 29346471 19085207 43194335 43194335 24990104 38400221 63698411 7079887 57802165 74276887 19085207 38730747 50105672 74162947 
73741122 19085207 29346471 63698411 16956399 57802165 63698411 43194335 57802165 7079887 43194335 57802165 68380492 57802165 29346471 74276887 57802165 6399725 63698411 19085207 68380492 63698411 76088323 74521690 7079887 43194335 24990104 6399725 9247591 9341284 76438076 74521690 32043323 29346471 
63698411 8402439 50105672 76438076 38838953 76438076 9247591 9341284 71262389 6617684 30431473 50105672 76438076 9247591 9341284 30431473 6617684 71262389 50105672 76438076 9247591 9341284 35821223 6617684 30431473 50105672 76088323 44596730 63698411 46831858 6544076 57802165 29346471 63698411 74276887 6544076 57802165 63698411 14241063 41779874 15969139 15969139 21799577 63698411 43194335 41779874 38730747 57802165 68380492 63698411 73741122 19085207 29346471 63698411 16956399 57802165 63698411 43194335 57802165 7079887 43194335 57802165 68380492 57802165 29346471 74276887 57802165 6399725 63698411 19085207 68380492 63698411 14241063 24990104 38730747 38730747 24990104 38400221 68380492 18666735 

74521690 16956399 32043323 12844339 68380492 37396587 32043323 7079887 

63698411 74521690 74276887 57802165 25488238 74276887 16956399 14241063 9341284 1850227 41779874 38730747 57802165 50105672 63698411 76088323 1850227 9247591 71262389 76088323 63698411 18666735 63698411 52394186 14241063 63698411 76088323 25488238 76088323 63698411 32043323 68380492 
76088323 76438076 9247591 9341284 71262389 6617684 30431473 50105672 76438076 9247591 9341284 30431473 6617684 71262389 50105672 76438076 9247591 9341284 35821223 6617684 30431473 50105672 76088323 6617684 63698411 74276887 6544076 57802165 29346471 63698411 76088323 25488238 76088323 63698411 16956399 57802165 38730747 24990104 29346471 12844339 68380492 63698411 74276887 24990104 63698411 31304033 38730747 19085207 68380492 68380492 63698411 71262389 81212980 

74521690 74276887 57802165 25488238 74276887 16956399 14241063 9341284 1850227 41779874 38730747 57802165 50105672 63698411 76088323 1850227 9247591 30431473 76088323 63698411 18666735 63698411 52394186 14241063 63698411 76088323 25488238 76088323 63698411 32043323 68380492 63698411 76088323 76438076 9247591 9341284 30431473 6617684 71262389 50105672 76438076 9247591 9341284 51909143 6617684 30431473 50105672 76088323 6617684 63698411 74276887 6544076 57802165 29346471 63698411 76088323 25488238 76088323 63698411 16956399 57802165 38730747 24990104 29346471 12844339 68380492 
74276887 24990104 63698411 31304033 38730747 19085207 68380492 68380492 63698411 71262389 81212980 

74521690 74276887 57802165 25488238 74276887 16956399 14241063 9341284 1850227 41779874 38730747 57802165 50105672 63698411 76088323 1850227 9247591 51909143 76088323 63698411 18666735 63698411 52394186 14241063 63698411 76088323 25488238 76088323 63698411 32043323 68380492 63698411 76088323 76438076 9247591 9341284 71262389 6617684 30431473 50105672 76438076 9247591 9341284 35821223 6617684 30431473 50105672 76088323 6617684 63698411 74276887 6544076 57802165 29346471 63698411 76088323 25488238 76088323 63698411 16956399 57802165 38730747 24990104 29346471 12844339 68380492 
74276887 24990104 63698411 31304033 38730747 19085207 68380492 68380492 63698411 71262389 44596730 
74521690 16956399 32043323 12844339 68380492 37396587 32043323 7079887 

74521690 29346471 24990104 32043323 29346471 6399725 57802165 29346471 74276887 63698411 46831858 6544076 57802165 29346471 6617684 63698411 74276887 6544076 57802165 63698411 19085207 29346471 74276887 57802165 73741122 57802165 6399725 57802165 29346471 74276887 63698411 24990104 14241063 63698411 74276887 6544076 43194335 57802165 57802165 63698411 14241063 41779874 15969139 15969139 21799577 63698411 43194335 41779874 38730747 57802165 68380492 63698411 76088323 1850227 9247591 71262389 6617684 63698411 1850227 9247591 30431473 6617684 63698411 1850227 9247591 51909143 76088323 63698411 14241063 24990104 43194335 63698411 31304033 38730747 19085207 68380492 68380492 
71262389 63698411 73741122 19085207 29346471 63698411 16956399 57802165 63698411 43194335 57802165 7079887 43194335 57802165 68380492 57802165 29346471 74276887 57802165 6399725 63698411 16956399 21799577 63698411 39378094 39378094 24990104 43194335 74162947 63698411 19085207 68380492 63698411 14241063 24990104 38730747 38730747 24990104 38400221 68380492 18666735 
74521690 16956399 32043323 12844339 68380492 37396587 32043323 7079887 

74521690 74276887 57802165 25488238 74276887 16956399 14241063 9341284 1850227 41779874 38730747 57802165 50105672 63698411 76088323 1850227 76088323 63698411 18666735 63698411 52394186 14241063 63698411 76088323 25488238 76088323 63698411 32043323 68380492 63698411 39378094 39378094 76088323 76438076 9247591 9341284 71262389 6617684 30431473 50105672 76438076 9247591 9341284 30431473 6617684 71262389 50105672 76438076 9247591 9341284 35821223 6617684 30431473 50105672 76088323 63698411 24990104 43194335 
76088323 76438076 9247591 9341284 30431473 6617684 71262389 50105672 76438076 9247591 9341284 51909143 6617684 30431473 50105672 76088323 63698411 24990104 43194335 63698411 76088323 76438076 9247591 9341284 71262389 6617684 30431473 50105672 76438076 9247591 9341284 35821223 6617684 30431473 50105672 76088323 74162947 6617684 63698411 74276887 6544076 57802165 29346471 63698411 76088323 25488238 76088323 63698411 16956399 57802165 38730747 24990104 29346471 12844339 68380492 63698411 74276887 24990104 63698411 31304033 38730747 19085207 68380492 68380492 63698411 71262389 44596730 

74521690 16956399 32043323 12844339 68380492 37396587 32043323 7079887 

76088323 74521690 68380492 41779874 76438076 61107682 9341284 43194335 50105672 9247591 9341284 41779874 38838953 71262389 50105672 1943535 74521690 7079887 43194335 24990104 6399725 9247591 9341284 76438076 74521690 32043323 29346471 63698411 8402439 9247591 41779874 50105672 76438076 38832059 76088323 6617684 63698411 38400221 6544076 32043323 73741122 6544076 63698411 32043323 68380492 63698411 19085207 63698411 14241063 24990104 43194335 76438076 19085207 38730747 63698411 68380492 41779874 76438076 63698411 24990104 14241063 63698411 74276887 6544076 57802165 
14241063 41779874 15969139 15969139 21799577 63698411 73741122 24990104 29346471 73741122 57802165 7079887 74276887 68380492 63698411 76088323 74521690 7079887 43194335 24990104 6399725 9247591 9341284 76438076 74521690 32043323 29346471 63698411 8402439 9247591 41779874 50105672 76438076 76088323 6617684 63698411 76088323 8402439 9247591 41779874 63698411 74521690 68380492 41779874 16956399 68380492 57802165 74276887 57802165 12354707 63698411 25174809 76088323 6617684 63698411 32043323 68380492 63698411 74276887 6544076 57802165 63698411 6399725 32043323 68380492 79585239 41779874 29346471 73741122 74276887 32043323 24990104 29346471 63698411 24990104 14241063 
74276887 6544076 57802165 63698411 73741122 24990104 29346471 79585239 41779874 29346471 73741122 74276887 32043323 24990104 29346471 68380492 63698411 43194335 57802165 7079887 43194335 57802165 68380492 57802165 29346471 74276887 57802165 6399725 63698411 16956399 21799577 63698411 76088323 74521690 7079887 43194335 24990104 6399725 9247591 9341284 76438076 74521690 32043323 29346471 63698411 8402439 9247591 41779874 50105672 76438076 6617684 63698411 41779874 38838953 71262389 6617684 74521690 38730747 6399725 24990104 74276887 68380492 6617684 43194335 76088323 44596730 
68569695 24990104 43194335 63698411 57802165 25488238 19085207 76438076 7079887 38730747 57802165 6617684 63698411 38730747 57802165 74276887 63698411 76088323 8402439 9247591 71262389 38838953 74521690 9341284 76438076 9247591 9341284 71262389 6617684 30431473 50105672 6617684 76438076 9247591 9341284 30431473 6617684 71262389 50105672 6617684 76438076 9247591 9341284 35821223 6617684 30431473 50105672 74521690 50105672 6617684 
8402439 9247591 30431473 38838953 74521690 9341284 76438076 9247591 9341284 30431473 6617684 71262389 50105672 6617684 76438076 9247591 9341284 51909143 6617684 30431473 50105672 74521690 50105672 6617684 63698411 8402439 9247591 51909143 38838953 74521690 9341284 76438076 9247591 9341284 71262389 6617684 30431473 50105672 6617684 76438076 9247591 9341284 35821223 6617684 30431473 50105672 74521690 50105672 63698411 74521690 68380492 41779874 16956399 68380492 57802165 74276887 57802165 12354707 63698411 25174809 76088323 6617684 63698411 74276887 6544076 57802165 29346471 
63698411 19085207 63698411 29346471 57802165 38400221 
14241063 41779874 15969139 15969139 21799577 63698411 68380492 57802165 74276887 63698411 1943535 32043323 44596730 57802165 44596730 6617684 63698411 14241063 41779874 15969139 15969139 21799577 63698411 73741122 24990104 29346471 73741122 57802165 7079887 74276887 38832059 63698411 19085207 68380492 63698411 74276887 6544076 57802165 63698411 6399725 32043323 68380492 79585239 41779874 29346471 73741122 74276887 32043323 24990104 29346471 63698411 24990104 14241063 63698411 76088323 74521690 7079887 43194335 24990104 6399725 9247591 9341284 76438076 74521690 32043323 29346471 63698411 8402439 9247591 71262389 50105672 76438076 76088323 6617684 63698411 63698411 76088323 74521690 7079887 43194335 24990104 6399725 9247591 9341284 76438076 74521690 32043323 29346471 
8402439 9247591 30431473 50105672 76438076 76088323 6617684 63698411 63698411 76088323 74521690 7079887 43194335 24990104 6399725 9247591 9341284 76438076 74521690 32043323 29346471 63698411 8402439 9247591 51909143 50105672 76438076 76088323 6617684 63698411 32043323 44596730 57802165 44596730 6617684 63698411 39378094 39378094 76088323 76438076 9247591 9341284 71262389 6617684 30431473 50105672 76438076 9247591 9341284 30431473 6617684 71262389 50105672 76438076 9247591 9341284 35821223 6617684 30431473 50105672 76088323 63698411 24990104 43194335 
76088323 76438076 9247591 9341284 30431473 6617684 71262389 50105672 76438076 9247591 9341284 51909143 6617684 30431473 50105672 76088323 63698411 24990104 43194335 63698411 76088323 76438076 9247591 9341284 71262389 6617684 30431473 50105672 76438076 9247591 9341284 35821223 6617684 30431473 50105672 76088323 10322140 10322140 6617684 63698411 73741122 19085207 29346471 63698411 16956399 57802165 63698411 43194335 57802165 7079887 43194335 57802165 68380492 57802165 29346471 74276887 57802165 6399725 63698411 19085207 68380492 

74521690 59100159 74521690 68380492 41779874 76438076 61107682 9341284 51909143 50105672 9247591 9341284 41779874 38838953 71262389 50105672 1943535 74521690 7079887 43194335 24990104 6399725 9247591 9341284 76438076 74521690 32043323 29346471 63698411 8402439 9247591 41779874 50105672 76438076 38832059 38838953 74521690 7079887 43194335 24990104 6399725 9247591 9341284 76438076 74521690 32043323 29346471 63698411 8402439 9247591 71262389 50105672 76438076 63698411 15491692 63698411 74521690 7079887 43194335 24990104 6399725 9247591 9341284 76438076 74521690 32043323 29346471 
8402439 9247591 30431473 50105672 76438076 63698411 15491692 63698411 74521690 7079887 43194335 24990104 6399725 9247591 9341284 76438076 74521690 32043323 29346471 63698411 8402439 9247591 51909143 50105672 76438076 38838953 76438076 9247591 9341284 71262389 6617684 30431473 50105672 76438076 9247591 9341284 30431473 6617684 71262389 50105672 76438076 9247591 9341284 35821223 6617684 30431473 50105672 15491692 76438076 9247591 9341284 30431473 6617684 71262389 50105672 76438076 9247591 9341284 51909143 6617684 30431473 50105672 15491692 76438076 9247591 9341284 71262389 6617684 30431473 50105672 76438076 9247591 9341284 35821223 6617684 30431473 50105672 74521690 77977607 

74521690 29346471 24990104 32043323 29346471 6399725 57802165 29346471 74276887 63698411 46831858 6544076 41779874 68380492 6617684 63698411 74276887 6544076 57802165 63698411 14241063 41779874 15969139 15969139 21799577 63698411 43194335 41779874 38730747 57802165 63698411 76088323 1850227 76088323 63698411 73741122 19085207 29346471 63698411 16956399 57802165 63698411 6399725 57802165 29346471 24990104 74276887 57802165 6399725 63698411 19085207 68380492 63698411 14241063 24990104 38730747 38730747 24990104 38400221 68380492 18666735 

74521690 16956399 32043323 12844339 68380492 37396587 32043323 7079887 
74521690 74276887 57802165 25488238 74276887 16956399 14241063 9341284 1850227 41779874 38730747 57802165 50105672 63698411 76088323 1850227 76088323 63698411 18666735 63698411 52394186 14241063 63698411 76088323 25488238 76088323 63698411 32043323 68380492 63698411 76088323 74521690 68380492 41779874 76438076 61107682 9341284 51909143 50105672 9247591 9341284 41779874 38838953 71262389 50105672 1943535 74521690 7079887 43194335 24990104 6399725 9247591 9341284 76438076 74521690 32043323 29346471 63698411 8402439 9247591 41779874 50105672 76438076 38832059 76088323 6617684 
74276887 6544076 57802165 29346471 63698411 76088323 25488238 76088323 63698411 16956399 57802165 38730747 24990104 29346471 12844339 68380492 63698411 74276887 24990104 63698411 31304033 38730747 19085207 68380492 68380492 63698411 71262389 44596730 
74521690 16956399 32043323 12844339 68380492 37396587 32043323 7079887 

74521690 29346471 24990104 32043323 29346471 6399725 57802165 29346471 74276887 63698411 46831858 6544076 57802165 63698411 19085207 16956399 24990104 57917209 57802165 63698411 57802165 25488238 7079887 43194335 57802165 68380492 68380492 32043323 24990104 29346471 68380492 63698411 32043323 29346471 63698411 74521690 74276887 57802165 25488238 74276887 16956399 14241063 9341284 1850227 41779874 38730747 57802165 50105672 63698411 74521690 57802165 76438076 7079887 6544076 9341284 1850227 50105672 63698411 73741122 19085207 29346471 63698411 16956399 57802165 63698411 14241063 24990104 43194335 76438076 41779874 38730747 19085207 74276887 57802165 6399725 63698411 19085207 68380492 
19085207 29346471 63698411 19085207 38730747 12844339 57802165 16956399 43194335 19085207 63698411 68380492 21799577 68380492 74276887 57802165 76438076 63698411 19085207 68380492 63698411 14241063 24990104 38730747 38730747 24990104 38400221 68380492 44596730 63698411 37866842 57802165 74276887 63698411 76088323 25174809 76088323 63698411 16956399 57802165 63698411 19085207 63698411 68380492 57802165 74276887 63698411 24990104 14241063 63698411 14241063 41779874 15969139 15969139 21799577 63698411 38730747 32043323 29346471 12844339 41779874 32043323 68380492 74276887 32043323 73741122 63698411 74276887 57802165 43194335 76438076 68380492 44596730 63698411 46831858 6544076 57802165 63698411 68380492 57802165 74276887 
76088323 26422214 25174809 61107682 9341284 74521690 19085207 68380492 74276887 63698411 50105672 76088323 63698411 32043323 68380492 63698411 6399725 57802165 14241063 32043323 29346471 57802165 6399725 63698411 19085207 68380492 

74521690 16956399 57802165 12844339 32043323 29346471 9341284 57802165 12354707 41779874 19085207 74276887 32043323 24990104 29346471 50105672 
26422214 25174809 61107682 9341284 74521690 19085207 68380492 74276887 50105672 38838953 74521690 38730747 57802165 14241063 74276887 74521690 9341284 74521690 38730747 57802165 14241063 74276887 44596730 74521690 68380492 41779874 76438076 9247591 9341284 32043323 74521690 32043323 29346471 63698411 52394186 50105672 1943535 74521690 7079887 43194335 24990104 6399725 9247591 9341284 76438076 74521690 32043323 29346471 63698411 8402439 9247591 9341284 32043323 50105672 50105672 76438076 38832059 74521690 43194335 32043323 12844339 6544076 74276887 84416866 63698411 8402439 9247591 9341284 32043323 50105672 74521690 68380492 41779874 16956399 68380492 57802165 74276887 57802165 12354707 63698411 25174809 6617684 32043323 74521690 32043323 29346471 63698411 52394186 6617684 52394186 13430686 
74521690 76438076 16956399 24990104 25488238 9341284 63698411 32043323 68380492 63698411 19085207 29346471 21799577 63698411 29346471 24990104 63698411 57802165 76438076 7079887 74276887 21799577 63698411 32043323 29346471 6399725 57802165 25488238 32043323 29346471 12844339 63698411 68380492 57802165 74276887 50105672 74521690 43194335 32043323 12844339 6544076 74276887 74521690 50105672 6617684 
74521690 57802165 29346471 6399725 9341284 57802165 12354707 41779874 19085207 74276887 32043323 24990104 29346471 50105672 
8402439 29346471 63698411 57802165 12354707 41779874 32043323 57917209 19085207 38730747 57802165 29346471 73741122 57802165 63698411 43194335 57802165 38730747 19085207 74276887 32043323 24990104 29346471 63698411 76088323 1850227 76088323 63698411 32043323 29346471 63698411 76088323 26422214 25174809 61107682 9341284 74521690 19085207 68380492 74276887 50105672 76088323 63698411 32043323 68380492 63698411 6399725 57802165 14241063 32043323 29346471 57802165 6399725 63698411 19085207 68380492 63698411 14241063 24990104 38730747 38730747 24990104 38400221 32043323 29346471 12844339 18666735 
68569695 24990104 43194335 63698411 76088323 74521690 68380492 41779874 76438076 9247591 9341284 32043323 74521690 32043323 29346471 63698411 52394186 50105672 1943535 74521690 7079887 43194335 24990104 6399725 9247591 9341284 76438076 74521690 32043323 29346471 63698411 8402439 9247591 9341284 32043323 50105672 50105672 76438076 38832059 76088323 6617684 63698411 76088323 74521690 68380492 41779874 76438076 9247591 9341284 79585239 74521690 32043323 29346471 
41256636 50105672 1943535 74521690 7079887 43194335 24990104 6399725 9247591 9341284 76438076 74521690 32043323 29346471 63698411 81995112 9247591 9341284 79585239 50105672 50105672 76438076 38832059 74521690 32043323 29346471 63698411 26422214 25174809 61107682 9341284 18441142 50105672 76088323 6617684 

74521690 59100159 74521690 38730747 57802165 14241063 74276887 59100159 63698411 74521690 68380492 41779874 76438076 9247591 9341284 32043323 74521690 32043323 29346471 63698411 52394186 50105672 1943535 74521690 7079887 43194335 24990104 6399725 9247591 9341284 76438076 63698411 74521690 32043323 29346471 63698411 8402439 9247591 9341284 32043323 50105672 50105672 76438076 38832059 74521690 43194335 32043323 12844339 6544076 74276887 77977607 63698411 1850227 74521690 38730747 57802165 14241063 74276887 59100159 63698411 74521690 68380492 41779874 76438076 9247591 9341284 79585239 74521690 32043323 29346471 63698411 41256636 50105672 1943535 74521690 7079887 43194335 24990104 6399725 9247591 9341284 76438076 63698411 74521690 32043323 29346471 
81995112 9247591 9341284 79585239 50105672 50105672 76438076 38832059 74521690 43194335 32043323 12844339 6544076 74276887 77977607 63698411 74521690 37866842 24990104 29346471 12844339 38730747 57802165 14241063 74276887 43194335 32043323 12844339 6544076 74276887 19085207 43194335 43194335 24990104 38400221 63698411 1943535 74521690 57802165 76438076 7079887 6544076 9341284 32043323 50105672 38832059 74521690 14241063 24990104 43194335 19085207 38730747 38730747 63698411 8402439 9247591 9341284 32043323 50105672 74521690 63698411 1943535 32043323 74521690 32043323 29346471 63698411 52394186 38832059 6617684 74521690 57802165 25488238 32043323 68380492 74276887 68380492 63698411 81995112 9247591 9341284 6544076 50105672 1943535 6544076 74521690 32043323 29346471 63698411 41256636 38832059 74521690 77977607 
68380492 41779874 73741122 6544076 63698411 74276887 6544076 19085207 74276887 76088323 8402439 9247591 9341284 32043323 50105672 74521690 68380492 41779874 7079887 68380492 57802165 74276887 57802165 12354707 63698411 81995112 9247591 9341284 6544076 50105672 76088323 81212980 63698411 1943535 74521690 57802165 76438076 7079887 6544076 9341284 32043323 32043323 50105672 38832059 63698411 76088323 74521690 14241063 24990104 43194335 19085207 38730747 38730747 63698411 81995112 9247591 9341284 79585239 50105672 76088323 63698411 76088323 1943535 79585239 74521690 32043323 29346471 63698411 41256636 38832059 6617684 76088323 
76088323 74521690 57802165 25488238 32043323 68380492 74276887 68380492 63698411 76088323 63698411 76088323 8402439 9247591 9341284 37396587 50105672 74521690 63698411 1943535 37396587 74521690 32043323 29346471 63698411 52394186 38832059 76088323 6617684 63698411 68380492 41779874 73741122 6544076 63698411 74276887 6544076 19085207 74276887 63698411 76088323 81995112 9247591 9341284 79585239 50105672 74521690 68380492 41779874 7079887 68380492 57802165 74276887 57802165 12354707 63698411 8402439 9247591 9341284 37396587 50105672 76088323 44596730 

63698411 52394186 14241063 63698411 76088323 1850227 76088323 63698411 32043323 68380492 63698411 19085207 29346471 63698411 57802165 12354707 41779874 32043323 57917209 19085207 38730747 57802165 29346471 73741122 57802165 63698411 43194335 57802165 38730747 19085207 74276887 32043323 24990104 29346471 44596730 63698411 46831858 6544076 57802165 29346471 63698411 19085207 63698411 12354707 41779874 24990104 74276887 32043323 57802165 29346471 74276887 63698411 68380492 57802165 74276887 6617684 63698411 76088323 13430686 
26422214 25174809 61107682 9341284 74521690 19085207 68380492 74276887 63698411 50105672 6904862 1850227 76088323 63698411 32043323 68380492 63698411 6399725 57802165 29346471 24990104 74276887 57802165 6399725 63698411 19085207 68380492 63698411 76088323 26422214 25174809 76088323 44596730 63698411 46831858 6544076 57802165 63698411 29346471 24990104 74276887 19085207 74276887 32043323 24990104 29346471 63698411 76088323 63698411 74521690 68380492 41779874 76438076 9247591 9341284 32043323 74521690 32043323 29346471 
52394186 50105672 1943535 74521690 7079887 43194335 24990104 6399725 9247591 9341284 76438076 63698411 74521690 32043323 29346471 63698411 8402439 9247591 9341284 32043323 50105672 50105672 76438076 38832059 38838953 74521690 68380492 41779874 76438076 9247591 9341284 79585239 74521690 32043323 29346471 63698411 41256636 50105672 1943535 74521690 7079887 43194335 24990104 6399725 9247591 9341284 76438076 63698411 74521690 32043323 29346471 63698411 81995112 9247591 9341284 79585239 50105672 50105672 76438076 38832059 76088323 63698411 76438076 57802165 19085207 29346471 68380492 
74276887 6544076 19085207 74276887 63698411 76088323 63698411 74521690 68380492 41779874 76438076 9247591 9341284 32043323 74521690 32043323 29346471 63698411 52394186 50105672 1943535 74521690 7079887 43194335 24990104 6399725 9247591 9341284 76438076 63698411 74521690 32043323 29346471 63698411 8402439 9247591 9341284 32043323 50105672 50105672 76438076 38832059 76088323 63698411 19085207 29346471 6399725 63698411 76088323 74521690 68380492 41779874 76438076 9247591 9341284 79585239 74521690 32043323 29346471 
41256636 50105672 1943535 74521690 7079887 43194335 24990104 6399725 9247591 9341284 76438076 63698411 74521690 32043323 29346471 63698411 81995112 9247591 9341284 79585239 50105672 50105672 76438076 38832059 76088323 63698411 19085207 43194335 57802165 63698411 57802165 12354707 41779874 32043323 57917209 19085207 38730747 57802165 29346471 74276887 63698411 41779874 29346471 6399725 57802165 43194335 63698411 57802165 12354707 41779874 32043323 57917209 19085207 38730747 57802165 29346471 73741122 57802165 63698411 43194335 57802165 38730747 19085207 74276887 32043323 24990104 29346471 
76088323 1850227 76088323 44596730 63698411 46831858 6544076 41779874 68380492 63698411 74276887 6544076 57802165 63698411 68380492 57802165 76438076 19085207 29346471 74276887 32043323 73741122 68380492 63698411 74276887 6544076 57802165 21799577 63698411 43194335 57802165 7079887 43194335 57802165 68380492 57802165 29346471 74276887 63698411 19085207 43194335 57802165 63698411 57802165 12354707 41779874 32043323 57917209 19085207 38730747 57802165 29346471 74276887 44596730 63698411 81995112 21799577 63698411 19085207 
68380492 74276887 43194335 19085207 32043323 12844339 6544076 74276887 14241063 24990104 43194335 38400221 19085207 43194335 6399725 63698411 73741122 24990104 76438076 7079887 19085207 43194335 32043323 68380492 24990104 29346471 63698411 24990104 14241063 63698411 76088323 76438076 9247591 9341284 71262389 6617684 30431473 50105672 76438076 9247591 9341284 30431473 6617684 71262389 50105672 76438076 9247591 9341284 35821223 6617684 30431473 50105672 76088323 63698411 19085207 29346471 6399725 
76088323 76438076 9247591 9341284 71262389 6617684 30431473 50105672 76438076 9247591 9341284 35821223 6617684 30431473 50105672 76088323 6617684 63698411 38400221 57802165 63698411 73741122 24990104 29346471 73741122 38730747 41779874 6399725 57802165 63698411 74276887 6544076 19085207 74276887 63698411 76088323 76438076 9247591 9341284 71262389 6617684 30431473 50105672 76438076 9247591 9341284 30431473 6617684 71262389 50105672 76438076 9247591 9341284 35821223 6617684 30431473 50105672 76088323 15491692 
76088323 76438076 9247591 9341284 30431473 6617684 71262389 50105672 76438076 9247591 9341284 51909143 6617684 30431473 50105672 76088323 15491692 76088323 76438076 9247591 9341284 71262389 6617684 30431473 50105672 76438076 9247591 9341284 35821223 6617684 30431473 50105672 76088323 63698411 19085207 29346471 6399725 63698411 76088323 76438076 9247591 9341284 30431473 6617684 71262389 50105672 76438076 9247591 9341284 51909143 6617684 30431473 50105672 15491692 76438076 9247591 9341284 71262389 6617684 30431473 50105672 76438076 9247591 9341284 35821223 6617684 30431473 50105672 76088323 
19085207 43194335 57802165 63698411 57802165 12354707 41779874 32043323 57917209 19085207 38730747 57802165 29346471 74276887 44596730 63698411 68569695 24990104 43194335 63698411 19085207 29346471 21799577 63698411 76088323 25488238 76088323 6617684 63698411 74276887 6544076 57802165 63698411 6399725 57802165 12844339 43194335 57802165 57802165 63698411 24990104 14241063 63698411 76088323 25488238 76088323 63698411 16956399 57802165 38730747 24990104 29346471 12844339 32043323 29346471 12844339 63698411 74276887 24990104 63698411 74276887 6544076 57802165 
14241063 41779874 15969139 15969139 21799577 63698411 68380492 57802165 74276887 63698411 43194335 57802165 7079887 43194335 57802165 68380492 57802165 29346471 74276887 57802165 6399725 63698411 16956399 21799577 63698411 76088323 76438076 9247591 9341284 71262389 6617684 30431473 50105672 76438076 9247591 9341284 30431473 6617684 71262389 50105672 76438076 9247591 9341284 35821223 6617684 30431473 50105672 76088323 63698411 32043323 68380492 63698411 19085207 38730747 38400221 19085207 21799577 68380492 63698411 38730747 57802165 68380492 68380492 63698411 74276887 6544076 19085207 29346471 
24990104 43194335 63698411 57802165 12354707 41779874 19085207 38730747 63698411 74276887 24990104 63698411 74276887 6544076 57802165 63698411 6399725 57802165 12844339 43194335 57802165 57802165 63698411 24990104 14241063 63698411 76088323 25488238 76088323 63698411 16956399 57802165 38730747 24990104 29346471 12844339 32043323 29346471 12844339 63698411 74276887 24990104 63698411 74276887 6544076 57802165 63698411 14241063 41779874 15969139 15969139 21799577 63698411 68380492 57802165 74276887 63698411 43194335 57802165 7079887 43194335 57802165 68380492 57802165 29346471 74276887 57802165 6399725 
16956399 21799577 63698411 76088323 76438076 9247591 9341284 71262389 6617684 30431473 50105672 76438076 9247591 9341284 35821223 6617684 30431473 50105672 76088323 44596730 63698411 46831858 6544076 57802165 43194335 57802165 14241063 24990104 43194335 57802165 6617684 63698411 74276887 6544076 57802165 63698411 73741122 24990104 29346471 73741122 57802165 7079887 74276887 68380492 63698411 76088323 76438076 9247591 9341284 71262389 6617684 30431473 50105672 76438076 9247591 9341284 30431473 6617684 71262389 50105672 76438076 9247591 9341284 35821223 6617684 30431473 50105672 76088323 63698411 32043323 68380492 
43194335 57802165 6399725 41779874 29346471 6399725 19085207 29346471 74276887 63698411 32043323 29346471 63698411 14241063 41779874 15969139 15969139 21799577 63698411 68380492 57802165 74276887 63698411 76088323 74521690 68380492 41779874 76438076 61107682 9341284 51909143 50105672 9247591 9341284 41779874 38838953 71262389 50105672 1943535 74521690 7079887 43194335 24990104 6399725 9247591 9341284 76438076 74521690 32043323 29346471 63698411 8402439 9247591 41779874 50105672 76438076 38832059 76088323 63698411 19085207 29346471 6399725 63698411 74276887 6544076 57802165 
57802165 25488238 7079887 43194335 57802165 68380492 68380492 32043323 24990104 29346471 68380492 63698411 76088323 76438076 9247591 9341284 71262389 6617684 30431473 50105672 76438076 9247591 9341284 30431473 6617684 71262389 50105672 76438076 9247591 9341284 35821223 6617684 30431473 50105672 15491692 63698411 76438076 9247591 9341284 30431473 6617684 71262389 50105672 76438076 9247591 9341284 51909143 6617684 30431473 50105672 15491692 76438076 9247591 9341284 71262389 6617684 30431473 50105672 76438076 9247591 9341284 35821223 6617684 30431473 50105672 76088323 
19085207 29346471 6399725 63698411 76088323 76438076 9247591 9341284 30431473 6617684 71262389 50105672 76438076 9247591 9341284 51909143 6617684 30431473 50105672 15491692 76438076 9247591 9341284 71262389 6617684 30431473 50105672 76438076 9247591 9341284 35821223 6617684 30431473 50105672 76088323 63698411 19085207 43194335 57802165 63698411 19085207 73741122 74276887 41779874 19085207 38730747 38730747 21799577 63698411 57802165 12354707 41779874 32043323 57917209 19085207 38730747 57802165 29346471 74276887 63698411 32043323 29346471 63698411 68380492 57802165 76438076 19085207 29346471 74276887 32043323 73741122 68380492 44596730 

52394186 29346471 63698411 74521690 73741122 32043323 74276887 57802165 9341284 25488238 43194335 57802165 14241063 18666735 6904862 79585239 24990104 41779874 43194335 29346471 19085207 38730747 6904862 50832968 30431473 50105672 6617684 63698411 32043323 74276887 63698411 32043323 68380492 63698411 7079887 43194335 24990104 57917209 57802165 29346471 63698411 74276887 6544076 19085207 74276887 63698411 76088323 1943535 26422214 25174809 6617684 74521690 57917209 57802165 57802165 6617684 74521690 38400221 57802165 6399725 12844339 57802165 38832059 76088323 63698411 63698411 32043323 68380492 63698411 19085207 
73741122 24990104 76438076 7079887 38730747 57802165 74276887 57802165 38730747 21799577 63698411 6399725 32043323 68380492 74276887 43194335 32043323 16956399 41779874 74276887 32043323 57917209 57802165 63698411 38730747 19085207 74276887 74276887 32043323 73741122 57802165 63698411 32043323 14241063 63698411 74276887 6544076 57802165 63698411 38730747 19085207 74276887 74276887 32043323 73741122 57802165 63698411 24990104 7079887 57802165 43194335 19085207 74276887 24990104 43194335 68380492 
76088323 74521690 57917209 57802165 57802165 6617684 74521690 38400221 57802165 6399725 12844339 57802165 76088323 63698411 19085207 43194335 57802165 63698411 6399725 57802165 14241063 32043323 29346471 57802165 6399725 63698411 19085207 68380492 63698411 14241063 24990104 38730747 38730747 24990104 38400221 32043323 29346471 12844339 18666735 63698411 14241063 24990104 43194335 63698411 19085207 29346471 21799577 63698411 14241063 41779874 15969139 15969139 21799577 63698411 68380492 57802165 74276887 68380492 
76088323 74521690 68380492 41779874 76438076 9247591 9341284 32043323 74521690 32043323 29346471 63698411 52394186 50105672 1943535 74521690 7079887 43194335 24990104 6399725 9247591 9341284 76438076 63698411 74521690 32043323 29346471 63698411 8402439 9247591 9341284 32043323 50105672 50105672 76438076 38832059 76088323 6617684 63698411 76088323 74521690 68380492 41779874 76438076 9247591 9341284 79585239 74521690 32043323 29346471 63698411 41256636 50105672 1943535 74521690 7079887 43194335 24990104 6399725 9247591 9341284 76438076 63698411 74521690 32043323 29346471 
81995112 9247591 9341284 79585239 50105672 50105672 76438076 38832059 76088323 63698411 76088323 74521690 32043323 29346471 63698411 26422214 25174809 76088323 6617684 

74521690 16956399 57802165 12844339 32043323 29346471 9341284 57802165 12354707 41779874 19085207 74276887 32043323 24990104 29346471 50105672 
74521690 68380492 41779874 76438076 9247591 9341284 32043323 74521690 32043323 29346471 63698411 52394186 50105672 1943535 74521690 7079887 43194335 24990104 6399725 9247591 9341284 76438076 63698411 74521690 32043323 29346471 63698411 8402439 9247591 9341284 32043323 50105672 50105672 76438076 38832059 74521690 57917209 57802165 57802165 63698411 74521690 68380492 41779874 76438076 9247591 9341284 79585239 74521690 32043323 29346471 63698411 41256636 50105672 1943535 74521690 7079887 43194335 24990104 6399725 9247591 9341284 76438076 63698411 74521690 32043323 29346471 
81995112 9247591 9341284 79585239 50105672 50105672 76438076 38832059 38838953 74521690 68380492 41779874 76438076 9247591 9341284 37396587 74521690 32043323 29346471 63698411 52394186 74521690 68380492 12354707 73741122 41779874 7079887 63698411 41256636 50105672 1943535 74521690 7079887 43194335 24990104 6399725 9247591 9341284 76438076 63698411 74521690 32043323 29346471 63698411 31304033 9247591 9341284 37396587 50105672 50105672 76438076 38832059 6617684 63698411 74521690 38730747 19085207 16956399 57802165 38730747 9341284 26422214 52394186 79678596 68380492 41779874 76438076 50105672 
74521690 57802165 29346471 6399725 9341284 57802165 12354707 41779874 19085207 74276887 32043323 24990104 29346471 50105672 
74521690 16956399 57802165 12844339 32043323 29346471 9341284 57802165 12354707 41779874 19085207 74276887 32043323 24990104 29346471 50105672 
74521690 68380492 41779874 76438076 9247591 9341284 32043323 74521690 32043323 29346471 63698411 52394186 50105672 1943535 74521690 7079887 43194335 24990104 6399725 9247591 9341284 76438076 63698411 74521690 32043323 29346471 63698411 8402439 9247591 9341284 32043323 50105672 50105672 76438076 38832059 74521690 38400221 57802165 6399725 12844339 57802165 63698411 74521690 68380492 41779874 76438076 9247591 9341284 79585239 74521690 32043323 29346471 63698411 41256636 50105672 1943535 74521690 7079887 43194335 24990104 6399725 9247591 9341284 76438076 63698411 74521690 32043323 29346471 
81995112 9247591 9341284 79585239 50105672 50105672 76438076 38832059 38838953 74521690 68380492 41779874 76438076 9247591 9341284 32043323 74521690 32043323 29346471 63698411 52394186 6617684 79585239 74521690 32043323 29346471 63698411 41256636 50105672 1943535 74521690 7079887 43194335 24990104 6399725 9247591 9341284 76438076 63698411 74521690 32043323 29346471 63698411 8402439 9247591 9341284 32043323 50105672 74521690 73741122 41779874 7079887 63698411 81995112 9247591 9341284 79585239 50105672 50105672 76438076 38832059 6617684 
74521690 38730747 19085207 16956399 57802165 38730747 9341284 26422214 52394186 79678596 76438076 41779874 38730747 74276887 32043323 50105672 
74521690 57802165 29346471 6399725 9341284 57802165 12354707 41779874 19085207 74276887 32043323 24990104 29346471 50105672 
38400221 6544076 57802165 43194335 57802165 63698411 14241063 24990104 43194335 63698411 19085207 29346471 21799577 63698411 76088323 37396587 74521690 32043323 29346471 63698411 52394186 74521690 68380492 12354707 73741122 41779874 7079887 63698411 41256636 76088323 63698411 1943535 74276887 6544076 57802165 63698411 6399725 32043323 68380492 79585239 24990104 32043323 29346471 74276887 63698411 41779874 29346471 32043323 24990104 29346471 63698411 24990104 14241063 63698411 76088323 52394186 76088323 63698411 19085207 29346471 6399725 63698411 76088323 41256636 76088323 6617684 
32043323 44596730 57802165 44596730 6617684 63698411 57802165 57917209 57802165 43194335 21799577 63698411 57802165 38730747 57802165 76438076 57802165 29346471 74276887 63698411 32043323 29346471 63698411 76088323 52394186 76088323 63698411 19085207 29346471 6399725 63698411 57802165 57917209 57802165 43194335 21799577 
57802165 38730747 57802165 76438076 57802165 29346471 74276887 63698411 32043323 29346471 63698411 76088323 41256636 76088323 63698411 19085207 43194335 57802165 63698411 19085207 38730747 38400221 19085207 21799577 68380492 63698411 43194335 57802165 12844339 19085207 43194335 6399725 57802165 6399725 63698411 19085207 68380492 63698411 6399725 32043323 14241063 14241063 57802165 43194335 57802165 29346471 74276887 63698411 57802165 38730747 57802165 76438076 57802165 29346471 74276887 68380492 63698411 32043323 29346471 63698411 76088323 52394186 74521690 68380492 12354707 73741122 41779874 7079887 63698411 41256636 76088323 38832059 6617684 63698411 76088323 13430686 
31304033 9247591 9341284 37396587 50105672 38838953 8402439 9247591 9341284 37396587 50105672 76088323 63698411 32043323 14241063 63698411 76088323 37396587 74521690 32043323 29346471 63698411 52394186 76088323 6617684 63698411 19085207 29346471 6399725 63698411 76088323 31304033 9247591 9341284 37396587 50105672 38838953 81995112 9247591 9341284 37396587 50105672 76088323 63698411 32043323 14241063 63698411 76088323 37396587 74521690 32043323 29346471 63698411 41256636 76088323 44596730 63698411 68569695 24990104 43194335 63698411 32043323 29346471 68380492 74276887 19085207 29346471 73741122 57802165 6617684 63698411 14241063 43194335 24990104 76438076 63698411 1943535 74521690 43194335 57802165 14241063 9341284 26422214 52394186 79678596 68380492 41779874 76438076 50105672 6617684 63698411 74521690 43194335 57802165 14241063 9341284 26422214 52394186 79678596 76438076 41779874 38730747 74276887 32043323 50105672 38832059 
74521690 16956399 57802165 12844339 32043323 29346471 9341284 57802165 12354707 29346471 19085207 43194335 43194335 19085207 21799577 18441142 50105672 
74521690 15969139 57802165 74276887 19085207 9247591 9341284 81364347 9247591 71262389 50105672 63698411 74521690 57917209 57802165 57802165 63698411 74521690 15969139 57802165 74276887 19085207 9247591 9341284 81364347 9247591 30431473 50105672 55443068 38838953 55443068 76438076 9247591 9341284 30431473 6617684 71262389 50105672 76438076 9247591 9341284 51909143 6617684 30431473 50105672 15491692 76438076 9247591 9341284 71262389 6617684 30431473 50105672 76438076 9247591 9341284 35821223 6617684 30431473 50105672 15491692 76438076 9247591 9341284 51909143 6617684 30431473 50105672 76438076 9247591 9341284 35821223 6617684 30431473 50105672 74521690 74521690 
74521690 15969139 57802165 74276887 19085207 9247591 9341284 81364347 9247591 71262389 50105672 63698411 74521690 38400221 57802165 6399725 12844339 57802165 63698411 74521690 15969139 57802165 74276887 19085207 9247591 9341284 81364347 9247591 30431473 50105672 
55443068 38838953 55443068 76438076 9247591 9341284 30431473 6617684 71262389 50105672 76438076 9247591 9341284 51909143 6617684 30431473 50105672 76438076 9247591 9341284 35821223 6617684 30431473 50105672 15491692 76438076 9247591 9341284 71262389 6617684 30431473 50105672 76438076 9247591 9341284 35821223 6617684 30431473 50105672 76438076 9247591 9341284 51909143 6617684 30431473 50105672 
74521690 57802165 29346471 6399725 9341284 57802165 12354707 29346471 19085207 43194335 43194335 19085207 21799577 18441142 50105672 
38400221 6544076 57802165 43194335 57802165 63698411 76088323 74521690 15969139 57802165 74276887 19085207 9247591 9341284 81364347 9247591 71262389 50105672 38838953 76438076 9247591 9341284 30431473 6617684 71262389 50105672 76438076 9247591 9341284 51909143 6617684 30431473 50105672 15491692 76438076 9247591 9341284 71262389 6617684 30431473 50105672 76438076 9247591 9341284 35821223 6617684 30431473 50105672 76088323 6617684 63698411 76088323 74521690 15969139 57802165 74276887 19085207 9247591 9341284 81364347 9247591 30431473 50105672 38838953 76438076 9247591 9341284 51909143 6617684 30431473 50105672 76438076 9247591 9341284 35821223 6617684 30431473 50105672 76088323 63698411 19085207 43194335 57802165 63698411 63698411 43194335 57802165 68380492 7079887 57802165 73741122 74276887 32043323 57917209 57802165 38730747 21799577 63698411 74276887 6544076 57802165 63698411 14241063 41779874 15969139 15969139 21799577 63698411 73741122 24990104 29346471 73741122 57802165 7079887 74276887 68380492 63698411 73741122 6544076 19085207 43194335 19085207 73741122 74276887 57802165 43194335 32043323 15969139 32043323 29346471 12844339 63698411 73741122 38730747 19085207 68380492 68380492 63698411 71262389 63698411 19085207 29346471 6399725 63698411 73741122 38730747 19085207 68380492 68380492 63698411 30431473 63698411 24990104 14241063 63698411 19085207 16956399 24990104 57917209 57802165 63698411 52394186 43194335 32043323 68380492 63698411 6399725 19085207 74276887 19085207 63698411 14241063 24990104 41779874 29346471 6399725 63698411 16956399 21799577 63698411 8402439 68569695 17860622 63698411 73741122 38730747 19085207 68380492 68380492 32043323 14241063 32043323 57802165 43194335 44596730 63698411 76088323 74521690 15969139 57802165 74276887 19085207 9247591 9341284 81364347 9247591 71262389 50105672 63698411 74521690 57917209 57802165 57802165 63698411 74521690 15969139 57802165 74276887 19085207 9247591 9341284 81364347 9247591 30431473 50105672 76088323 63698411 32043323 68380492 63698411 74276887 6544076 57802165 63698411 14241063 41779874 15969139 15969139 21799577 63698411 73741122 24990104 29346471 73741122 57802165 7079887 74276887 63698411 14241063 24990104 43194335 63698411 39378094 39378094 73741122 38730747 19085207 68380492 68380492 63698411 71262389 63698411 24990104 43194335 63698411 73741122 38730747 19085207 68380492 68380492 63698411 30431473 10322140 10322140 6617684 63698411 76088323 74521690 15969139 57802165 74276887 19085207 9247591 9341284 81364347 9247591 71262389 50105672 63698411 74521690 38400221 57802165 6399725 12844339 57802165 63698411 74521690 15969139 57802165 74276887 19085207 9247591 9341284 81364347 9247591 30431473 50105672 76088323 63698411 32043323 68380492 63698411 74276887 6544076 57802165 63698411 14241063 41779874 15969139 15969139 21799577 63698411 73741122 24990104 29346471 73741122 57802165 7079887 74276887 63698411 14241063 24990104 43194335 63698411 39378094 39378094 73741122 38730747 19085207 68380492 68380492 63698411 71262389 63698411 19085207 29346471 6399725 63698411 73741122 38730747 19085207 68380492 68380492 63698411 30431473 10322140 10322140 44596730 63698411 52394186 29346471 63698411 38730747 19085207 74276887 74276887 32043323 73741122 57802165 63698411 76088323 1943535 26422214 25174809 6617684 74521690 57917209 57802165 57802165 6617684 74521690 38400221 57802165 6399725 12844339 57802165 38832059 76088323 6617684 63698411 14241063 24990104 43194335 63698411 76088323 74521690 57802165 74276887 19085207 38838953 74521690 68380492 41779874 76438076 9247591 9341284 32043323 74521690 32043323 29346471 63698411 52394186 50105672 1943535 74521690 7079887 43194335 24990104 6399725 9247591 9341284 76438076 63698411 74521690 32043323 29346471 63698411 8402439 9247591 9341284 32043323 50105672 50105672 76438076 38832059 6617684 63698411 74521690 12844339 19085207 76438076 76438076 19085207 38838953 74521690 68380492 41779874 76438076 9247591 9341284 79585239 74521690 32043323 29346471 63698411 41256636 50105672 1943535 74521690 7079887 43194335 24990104 6399725 9247591 9341284 76438076 63698411 74521690 32043323 29346471 
81995112 9247591 9341284 79585239 50105672 50105672 76438076 38832059 63698411 74521690 32043323 29346471 63698411 26422214 25174809 76088323 6617684 
74521690 16956399 57802165 12844339 32043323 29346471 9341284 57802165 12354707 41779874 19085207 74276887 32043323 24990104 29346471 50105672 
74521690 57802165 74276887 19085207 63698411 74521690 38730747 57802165 12354707 63698411 74521690 12844339 19085207 76438076 76438076 19085207 63698411 74521690 37866842 57802165 14241063 74276887 43194335 32043323 12844339 6544076 74276887 19085207 43194335 43194335 24990104 38400221 63698411 74521690 63698411 14241063 24990104 43194335 63698411 74521690 63698411 19085207 29346471 21799577 63698411 74521690 63698411 32043323 74521690 32043323 29346471 63698411 52394186 63698411 74521690 63698411 74276887 6544076 57802165 43194335 57802165 63698411 74521690 63698411 57802165 25488238 32043323 68380492 74276887 68380492 63698411 74521690 63698411 79585239 63698411 74521690 32043323 29346471 63698411 41256636 63698411 74521690 63698411 68380492 41779874 73741122 6544076 63698411 74521690 63698411 74276887 6544076 19085207 74276887 63698411 74521690 
8402439 9247591 9341284 32043323 50105672 74521690 68380492 41779874 7079887 68380492 57802165 74276887 57802165 12354707 63698411 81995112 9247591 9341284 79585239 50105672 44596730 63698411 74521690 38730747 19085207 16956399 57802165 38730747 9341284 26422214 52394186 79678596 38730747 57802165 68380492 68380492 50105672 
74521690 57802165 29346471 6399725 9341284 57802165 12354707 41779874 19085207 74276887 32043323 24990104 29346471 50105672 
52394186 74276887 68380492 63698411 68380492 57802165 76438076 19085207 29346471 74276887 32043323 73741122 63698411 32043323 29346471 74276887 57802165 43194335 7079887 43194335 57802165 74276887 19085207 74276887 32043323 24990104 29346471 63698411 32043323 68380492 63698411 74276887 6544076 19085207 74276887 63698411 14241063 24990104 43194335 63698411 19085207 29346471 21799577 63698411 76088323 25488238 76088323 6617684 63698411 74276887 6544076 57802165 63698411 6399725 57802165 12844339 43194335 57802165 57802165 63698411 24990104 14241063 63698411 76088323 25488238 76088323 63698411 16956399 57802165 38730747 24990104 29346471 12844339 32043323 29346471 12844339 63698411 74276887 24990104 63698411 14241063 41779874 15969139 15969139 21799577 63698411 73741122 24990104 29346471 73741122 57802165 7079887 74276887 63698411 76088323 74521690 57802165 74276887 19085207 76088323 63698411 19085207 38730747 38400221 19085207 21799577 68380492 63698411 38730747 57802165 68380492 68380492 63698411 74276887 6544076 19085207 29346471 63698411 24990104 43194335 63698411 57802165 12354707 41779874 19085207 38730747 63698411 74276887 24990104 63698411 74276887 6544076 19085207 74276887 63698411 24990104 14241063 63698411 76088323 74521690 12844339 19085207 76438076 76438076 19085207 76088323 44596730 63698411 68569695 24990104 43194335 63698411 74276887 6544076 57802165 63698411 19085207 16956399 24990104 57917209 57802165 63698411 52394186 43194335 32043323 68380492 63698411 57802165 25488238 19085207 76438076 7079887 38730747 57802165 6617684 63698411 24990104 29346471 57802165 63698411 73741122 19085207 29346471 63698411 57917209 57802165 43194335 32043323 14241063 21799577 63698411 74276887 6544076 57802165 63698411 14241063 24990104 38730747 38730747 24990104 38400221 32043323 29346471 12844339 63698411 16956399 21799577 63698411 1943535 74521690 43194335 57802165 14241063 9341284 26422214 52394186 79678596 38730747 57802165 68380492 68380492 50105672 38832059 
74521690 59100159 
76438076 9247591 9341284 30431473 6617684 71262389 50105672 76438076 9247591 9341284 71262389 6617684 30431473 50105672 76438076 9247591 9341284 35821223 6617684 30431473 50105672 76438076 9247591 9341284 51909143 6617684 30431473 50105672 74521690 38730747 57802165 12354707 74521690 15969139 57802165 74276887 19085207 9247591 9341284 81364347 9247591 71262389 50105672 63698411 74521690 38400221 57802165 6399725 12844339 57802165 63698411 74521690 15969139 57802165 74276887 19085207 9247591 9341284 81364347 9247591 30431473 50105672 74521690 38730747 57802165 12354707 74521690 15969139 57802165 74276887 19085207 9247591 9341284 81364347 9247591 71262389 50105672 74521690 38730747 57802165 12354707 63698411 74521690 15969139 57802165 74276887 19085207 9247591 9341284 81364347 9247591 71262389 50105672 63698411 74521690 57917209 57802165 57802165 63698411 74521690 15969139 57802165 74276887 19085207 9247591 9341284 81364347 9247591 30431473 50105672 74521690 38730747 57802165 12354707 63698411 76438076 9247591 9341284 30431473 6617684 71262389 50105672 15491692 76438076 9247591 9341284 35821223 6617684 30431473 50105672 44596730 
74521690 77977607 

74521690 68380492 41779874 16956399 68380492 57802165 73741122 74276887 32043323 24990104 29346471 9341284 46831858 6544076 57802165 63698411 73741122 24990104 6544076 57802165 43194335 57802165 29346471 73741122 57802165 63698411 76438076 57802165 76438076 16956399 57802165 43194335 68380492 6544076 32043323 7079887 63698411 14241063 41779874 29346471 73741122 74276887 32043323 24990104 29346471 68380492 63698411 24990104 14241063 63698411 14241063 41779874 15969139 15969139 21799577 63698411 68380492 57802165 74276887 68380492 50105672 

37866842 57802165 74276887 63698411 76088323 81364347 76088323 63698411 16956399 57802165 63698411 19085207 63698411 68380492 57802165 74276887 63698411 19085207 29346471 6399725 63698411 76088323 25174809 76088323 63698411 16956399 57802165 63698411 19085207 63698411 68380492 57802165 74276887 63698411 24990104 14241063 63698411 14241063 41779874 15969139 15969139 21799577 63698411 74276887 57802165 43194335 76438076 68380492 63698411 19085207 68380492 68380492 24990104 73741122 32043323 19085207 74276887 57802165 6399725 63698411 38400221 32043323 74276887 6544076 63698411 74276887 6544076 57802165 63698411 14241063 57802165 19085207 74276887 41779874 43194335 57802165 68380492 63698411 24990104 14241063 63698411 76088323 81364347 76088323 44596730 63698411 68569695 24990104 43194335 
76088323 8402439 74521690 68380492 41779874 16956399 68380492 57802165 74276887 57802165 12354707 63698411 25174809 76088323 6617684 63698411 76088323 25488238 74521690 32043323 29346471 63698411 81364347 76088323 6617684 63698411 38400221 57802165 63698411 6399725 57802165 14241063 32043323 29346471 57802165 
74521690 16956399 57802165 12844339 32043323 29346471 9341284 57802165 12354707 41779874 19085207 74276887 32043323 24990104 29346471 50105672 
8402439 61107682 74521690 68380492 41779874 73741122 73741122 57802165 12354707 63698411 1943535 25488238 38832059 38838953 63698411 74521690 9341284 21799577 74521690 32043323 29346471 63698411 81364347 63698411 74521690 76438076 32043323 6399725 63698411 25488238 63698411 74521690 68380492 41779874 73741122 73741122 57802165 12354707 9247591 9341284 76438076 50105672 21799577 63698411 74521690 63698411 14241063 24990104 43194335 63698411 74521690 63698411 19085207 29346471 21799577 63698411 74521690 63698411 76438076 74521690 32043323 29346471 
8402439 74521690 50105672 74521690 68380492 41779874 16956399 68380492 57802165 74276887 57802165 12354707 63698411 81364347 63698411 74521690 38730747 19085207 16956399 57802165 38730747 9341284 41779874 29346471 6399725 57802165 43194335 79678596 8402439 50105672 
74521690 57802165 29346471 6399725 9341284 57802165 12354707 41779874 19085207 74276887 32043323 24990104 29346471 50105672 
14241063 24990104 43194335 63698411 19085207 63698411 38730747 32043323 29346471 57802165 19085207 43194335 38730747 21799577 63698411 24990104 43194335 6399725 57802165 43194335 57802165 6399725 63698411 43194335 57802165 38730747 19085207 74276887 32043323 24990104 29346471 63698411 39378094 39378094 76088323 74521690 68380492 41779874 73741122 73741122 57802165 12354707 76088323 74162947 44596730 63698411 68569695 24990104 43194335 63698411 63698411 76088323 76438076 63698411 74521690 32043323 29346471 63698411 25174809 76088323 6617684 63698411 39378094 39378094 76088323 25488238 
74521690 68380492 41779874 73741122 73741122 57802165 12354707 9247591 9341284 76438076 50105672 21799577 76088323 74162947 63698411 32043323 76438076 7079887 38730747 32043323 57802165 68380492 63698411 74276887 6544076 19085207 74276887 63698411 74276887 6544076 57802165 63698411 6399725 57802165 12844339 43194335 57802165 57802165 63698411 24990104 14241063 63698411 76088323 25488238 76088323 63698411 16956399 57802165 38730747 24990104 29346471 12844339 32043323 29346471 12844339 63698411 74276887 24990104 63698411 76088323 76438076 76088323 63698411 32043323 68380492 
38730747 19085207 43194335 12844339 57802165 43194335 63698411 74276887 6544076 19085207 29346471 63698411 24990104 43194335 63698411 57802165 12354707 41779874 19085207 38730747 63698411 74276887 24990104 63698411 74276887 6544076 19085207 74276887 63698411 24990104 14241063 63698411 76088323 21799577 76088323 44596730 63698411 76088323 8402439 61107682 74521690 68380492 41779874 73741122 73741122 57802165 12354707 1943535 25488238 38832059 76088323 63698411 32043323 68380492 63698411 74276887 6544076 57802165 63698411 68380492 57802165 74276887 63698411 24990104 14241063 
19085207 38730747 38730747 63698411 57802165 38730747 57802165 76438076 57802165 29346471 74276887 68380492 63698411 32043323 29346471 63698411 76088323 81364347 76088323 63698411 38400221 6544076 24990104 68380492 57802165 63698411 6399725 57802165 12844339 43194335 57802165 57802165 68380492 63698411 24990104 14241063 63698411 16956399 57802165 38730747 24990104 29346471 12844339 32043323 29346471 12844339 63698411 74276887 24990104 63698411 14241063 41779874 15969139 15969139 21799577 63698411 68380492 57802165 74276887 63698411 76088323 74521690 7079887 43194335 24990104 6399725 9247591 9341284 76438076 63698411 74521690 32043323 29346471 
8402439 50105672 76438076 76088323 63698411 19085207 43194335 57802165 63698411 38730747 57802165 68380492 68380492 63698411 74276887 6544076 19085207 29346471 63698411 24990104 43194335 63698411 57802165 12354707 41779874 19085207 38730747 63698411 74276887 24990104 63698411 74276887 6544076 19085207 74276887 63698411 24990104 14241063 63698411 76088323 25488238 76088323 44596730 63698411 76088323 8402439 61107682 74521690 68380492 41779874 73741122 73741122 57802165 12354707 1943535 25488238 38832059 76088323 63698411 32043323 68380492 
6399725 57802165 74276887 57802165 43194335 76438076 32043323 29346471 57802165 6399725 63698411 16956399 21799577 63698411 74276887 6544076 57802165 63698411 68380492 57802165 76438076 19085207 29346471 74276887 32043323 73741122 63698411 24990104 14241063 63698411 14241063 41779874 15969139 15969139 21799577 63698411 74276887 57802165 43194335 76438076 68380492 63698411 32043323 29346471 63698411 76088323 8402439 76088323 63698411 19085207 29346471 6399725 63698411 74276887 6544076 57802165 63698411 7079887 43194335 24990104 16956399 19085207 16956399 32043323 38730747 32043323 74276887 21799577 
6399725 32043323 68380492 74276887 43194335 32043323 16956399 41779874 74276887 32043323 24990104 29346471 63698411 24990104 14241063 63698411 24990104 16956399 68380492 57802165 43194335 57917209 57802165 6399725 63698411 6399725 19085207 74276887 19085207 63698411 68380492 57802165 74276887 63698411 76088323 81364347 76088323 44596730 

68569695 24990104 43194335 63698411 14241063 41779874 15969139 15969139 21799577 63698411 68380492 57802165 74276887 63698411 76088323 74521690 25488238 32043323 74521690 32043323 29346471 63698411 26422214 25174809 76088323 6617684 63698411 38730747 57802165 74276887 63698411 76088323 74521690 76438076 41779874 9247591 9341284 74521690 25488238 32043323 50105672 63698411 18666735 63698411 81364347 63698411 74521690 43194335 32043323 12844339 6544076 74276887 19085207 43194335 43194335 24990104 38400221 63698411 59100159 86169223 6617684 63698411 71262389 77977607 76088323 44596730 
76088323 74521690 9341284 74521690 76438076 41779874 9247591 9341284 74521690 25488238 32043323 50105672 1943535 25488238 38832059 84416866 74521690 25488238 32043323 63698411 74521690 32043323 29346471 63698411 26422214 25174809 74521690 50105672 76088323 63698411 32043323 68380492 63698411 73741122 19085207 38730747 38730747 57802165 6399725 63698411 19085207 63698411 68380492 57802165 74276887 63698411 24990104 14241063 63698411 74521690 57802165 76438076 7079887 6544076 9341284 73741122 24990104 6544076 57802165 43194335 57802165 29346471 73741122 57802165 
76438076 57802165 76438076 16956399 57802165 43194335 68380492 6544076 32043323 7079887 63698411 14241063 41779874 29346471 73741122 74276887 32043323 24990104 29346471 68380492 50105672 63698411 24990104 14241063 63698411 74276887 6544076 57802165 63698411 8402439 68569695 17860622 63698411 14241063 41779874 15969139 15969139 21799577 63698411 38730747 24990104 12844339 32043323 73741122 63698411 68380492 21799577 68380492 74276887 57802165 76438076 
76088323 1943535 26422214 25174809 6617684 63698411 74521690 57917209 57802165 57802165 63698411 6617684 74521690 38400221 57802165 6399725 12844339 57802165 38832059 76088323 6617684 63698411 32043323 14241063 63698411 74276887 6544076 57802165 63698411 14241063 24990104 38730747 38730747 24990104 38400221 32043323 29346471 12844339 63698411 73741122 24990104 29346471 6399725 32043323 74276887 32043323 24990104 29346471 68380492 63698411 19085207 43194335 57802165 
68380492 19085207 74276887 32043323 68380492 14241063 32043323 57802165 6399725 18666735 
74521690 16956399 57802165 12844339 32043323 29346471 9341284 32043323 74276887 57802165 76438076 32043323 15969139 57802165 50105672 
74521690 32043323 74276887 57802165 76438076 59100159 71262389 44596730 77977607 63698411 63698411 68569695 24990104 43194335 63698411 14241063 41779874 15969139 15969139 21799577 63698411 73741122 24990104 29346471 73741122 57802165 7079887 74276887 68380492 63698411 76088323 74521690 57802165 74276887 19085207 6617684 63698411 74521690 12844339 19085207 76438076 76438076 19085207 63698411 74521690 32043323 29346471 63698411 26422214 25174809 76088323 6617684 63698411 32043323 14241063 63698411 76088323 74521690 57802165 74276887 19085207 63698411 74521690 38730747 57802165 12354707 63698411 74521690 12844339 19085207 76438076 76438076 19085207 63698411 76088323 63698411 32043323 29346471 63698411 38730747 19085207 74276887 74276887 32043323 73741122 57802165 
76088323 1943535 26422214 25174809 6617684 63698411 74521690 57917209 57802165 57802165 6617684 63698411 74521690 38400221 57802165 6399725 12844339 57802165 38832059 76088323 6617684 63698411 74276887 6544076 57802165 29346471 63698411 76088323 74521690 76438076 41779874 9247591 9341284 74521690 57802165 74276887 19085207 50105672 1943535 25488238 38832059 74521690 38730747 57802165 12354707 63698411 74521690 76438076 41779874 9247591 9341284 74521690 12844339 19085207 76438076 76438076 19085207 50105672 1943535 25488238 38832059 76088323 63698411 63698411 14241063 24990104 43194335 
19085207 29346471 21799577 63698411 76088323 25488238 74521690 32043323 29346471 63698411 81364347 76088323 81212980 

74521690 32043323 74276887 57802165 76438076 59100159 30431473 44596730 77977607 63698411 68569695 24990104 43194335 63698411 76088323 25488238 74521690 32043323 29346471 63698411 81364347 76088323 6617684 63698411 76088323 74521690 57802165 74276887 19085207 63698411 38838953 63698411 74521690 68380492 41779874 76438076 9247591 9341284 32043323 74521690 32043323 29346471 63698411 52394186 50105672 63698411 1943535 63698411 74521690 69234765 32043323 9247591 9341284 76438076 74521690 32043323 29346471 63698411 8402439 9247591 9341284 32043323 50105672 50105672 76438076 38832059 74521690 32043323 29346471 63698411 26422214 25174809 76088323 6617684 
32043323 14241063 63698411 76088323 8402439 61107682 74521690 68380492 41779874 73741122 73741122 57802165 12354707 9247591 9341284 32043323 50105672 1943535 25488238 38832059 63698411 38838953 63698411 74521690 7079887 6544076 32043323 63698411 76088323 63698411 14241063 24990104 43194335 63698411 19085207 38730747 38730747 63698411 76088323 32043323 74521690 32043323 29346471 63698411 52394186 76088323 63698411 74276887 6544076 57802165 29346471 
76088323 74521690 76438076 41779874 9247591 9341284 74521690 57802165 74276887 19085207 50105672 1943535 25488238 38832059 63698411 38838953 86169223 76088323 81212980 

74521690 32043323 74276887 57802165 76438076 59100159 51909143 44596730 77977607 63698411 68569695 24990104 43194335 63698411 76088323 25488238 6617684 63698411 21799577 74521690 32043323 29346471 63698411 81364347 76088323 6617684 63698411 76088323 8402439 63698411 74521690 68380492 41779874 16956399 68380492 57802165 74276887 57802165 12354707 63698411 25174809 76088323 6617684 63698411 76088323 74521690 57802165 74276887 19085207 38838953 63698411 74521690 7079887 43194335 24990104 6399725 9247591 9341284 76438076 74521690 32043323 29346471 63698411 8402439 50105672 76438076 63698411 74521690 32043323 29346471 63698411 26422214 25174809 76088323 6617684 
32043323 14241063 63698411 76088323 8402439 61107682 74521690 68380492 41779874 73741122 73741122 57802165 12354707 1943535 25488238 38832059 63698411 74521690 68380492 41779874 16956399 68380492 57802165 74276887 57802165 12354707 63698411 8402439 61107682 74521690 68380492 41779874 73741122 73741122 57802165 12354707 1943535 21799577 38832059 76088323 6617684 63698411 74276887 6544076 57802165 29346471 
76088323 74521690 76438076 41779874 9247591 9341284 74521690 57802165 74276887 19085207 50105672 1943535 25488238 38832059 74521690 38730747 57802165 12354707 63698411 74521690 76438076 41779874 9247591 9341284 74521690 57802165 74276887 19085207 50105672 1943535 21799577 38832059 76088323 81212980 63698411 32043323 14241063 63698411 76088323 8402439 61107682 74521690 68380492 41779874 73741122 73741122 57802165 12354707 1943535 25488238 38832059 63698411 38838953 81364347 76088323 63698411 74276887 6544076 57802165 29346471 
76088323 74521690 76438076 41779874 9247591 9341284 74521690 57802165 74276887 19085207 50105672 1943535 25488238 38832059 63698411 38838953 71262389 76088323 44596730 
74521690 57802165 29346471 6399725 9341284 32043323 74276887 57802165 76438076 32043323 15969139 57802165 50105672 

46831858 6544076 57802165 63698411 73741122 24990104 6544076 57802165 43194335 57802165 29346471 74276887 63698411 76438076 57802165 76438076 16956399 57802165 43194335 68380492 6544076 32043323 7079887 63698411 14241063 41779874 29346471 73741122 74276887 32043323 24990104 29346471 68380492 63698411 57802165 29346471 68380492 41779874 43194335 57802165 63698411 74276887 6544076 19085207 74276887 63698411 74276887 6544076 57802165 63698411 76438076 57802165 76438076 16956399 57802165 43194335 68380492 6544076 32043323 7079887 63698411 6399725 57802165 12844339 43194335 57802165 57802165 68380492 63698411 24990104 14241063 63698411 19085207 29346471 21799577 63698411 76088323 25488238 63698411 74521690 32043323 29346471 63698411 81364347 76088323 63698411 16956399 57802165 38730747 24990104 29346471 12844339 32043323 29346471 12844339 63698411 74276887 24990104 63698411 74276887 6544076 57802165 63698411 14241063 41779874 15969139 15969139 21799577 63698411 73741122 24990104 29346471 73741122 57802165 7079887 74276887 68380492 63698411 32043323 29346471 63698411 76088323 26422214 25174809 76088323 63698411 19085207 43194335 57802165 63698411 73741122 24990104 29346471 68380492 32043323 68380492 74276887 57802165 29346471 74276887 63698411 38400221 32043323 74276887 6544076 63698411 74276887 6544076 57802165 63698411 68380492 57802165 76438076 19085207 29346471 74276887 32043323 73741122 63698411 32043323 29346471 74276887 57802165 43194335 7079887 43194335 57802165 74276887 19085207 74276887 32043323 24990104 29346471 68380492 63698411 19085207 29346471 6399725 63698411 8402439 68569695 17860622 63698411 14241063 41779874 15969139 15969139 21799577 63698411 38730747 24990104 12844339 32043323 73741122 63698411 24990104 7079887 57802165 43194335 19085207 74276887 32043323 24990104 29346471 68380492 63698411 32043323 29346471 63698411 38730747 19085207 74276887 74276887 32043323 73741122 57802165 63698411 76088323 1943535 26422214 25174809 6617684 63698411 74521690 57917209 57802165 57802165 63698411 6617684 74521690 38400221 57802165 6399725 12844339 57802165 38832059 76088323 44596730 63698411 30697803 57802165 63698411 7079887 43194335 24990104 7079887 24990104 68380492 57802165 63698411 74276887 38400221 24990104 63698411 74276887 21799577 7079887 57802165 68380492 63698411 24990104 14241063 63698411 6399725 57802165 14241063 32043323 29346471 32043323 74276887 32043323 24990104 29346471 68380492 63698411 14241063 24990104 43194335 63698411 73741122 24990104 6544076 57802165 43194335 57802165 29346471 74276887 63698411 76438076 57802165 76438076 16956399 57802165 43194335 68380492 6544076 32043323 7079887 63698411 14241063 41779874 29346471 73741122 74276887 32043323 24990104 29346471 68380492 6617684 63698411 38400221 6544076 32043323 73741122 6544076 63698411 73741122 19085207 29346471 
16956399 57802165 63698411 73741122 24990104 29346471 68380492 74276887 43194335 41779874 73741122 74276887 57802165 6399725 63698411 16956399 21799577 63698411 74276887 19085207 37396587 32043323 29346471 12844339 63698411 32043323 29346471 63698411 19085207 73741122 73741122 24990104 41779874 29346471 74276887 63698411 16956399 24990104 74276887 6544076 63698411 74276887 6544076 57802165 63698411 68380492 57802165 76438076 19085207 29346471 74276887 32043323 73741122 68380492 63698411 24990104 14241063 63698411 74276887 6544076 57802165 63698411 14241063 41779874 15969139 15969139 21799577 63698411 74276887 57802165 43194335 76438076 68380492 63698411 19085207 29346471 6399725 63698411 74276887 6544076 57802165 
7079887 43194335 24990104 16956399 19085207 16956399 32043323 38730747 32043323 74276887 21799577 63698411 6399725 32043323 68380492 74276887 43194335 32043323 16956399 41779874 74276887 32043323 24990104 29346471 63698411 24990104 14241063 63698411 74276887 6544076 57802165 63698411 14241063 57802165 19085207 74276887 41779874 43194335 57802165 63698411 57917209 19085207 38730747 41779874 57802165 68380492 63698411 24990104 14241063 63698411 74276887 6544076 57802165 63698411 6399725 19085207 74276887 19085207 63698411 16956399 21799577 63698411 19085207 63698411 76438076 57802165 19085207 68380492 41779874 43194335 57802165 63698411 32043323 29346471 63698411 76088323 81364347 76088323 44596730 63698411 52394186 29346471 63698411 24990104 43194335 6399725 57802165 43194335 
74276887 24990104 63698411 19085207 73741122 6544076 32043323 57802165 57917209 57802165 63698411 74276887 6544076 32043323 68380492 6617684 63698411 38400221 57802165 63698411 14241063 32043323 43194335 68380492 74276887 63698411 32043323 29346471 74276887 43194335 24990104 6399725 41779874 73741122 57802165 63698411 74276887 6544076 57802165 63698411 14241063 24990104 38730747 38730747 24990104 38400221 32043323 29346471 12844339 63698411 6399725 57802165 14241063 32043323 29346471 32043323 74276887 32043323 24990104 29346471 44596730 

74521690 16956399 57802165 12844339 32043323 29346471 9341284 6399725 57802165 14241063 32043323 29346471 32043323 74276887 32043323 24990104 29346471 50105672 
1943535 74521690 73741122 32043323 74276887 57802165 9341284 25488238 43194335 57802165 14241063 18666735 6904862 79585239 24990104 41779874 43194335 29346471 19085207 38730747 6904862 37866842 32043323 41779874 48867714 50105672 38832059 63698411 37866842 57802165 74276887 63698411 76088323 76438076 76088323 63698411 16956399 57802165 63698411 19085207 63698411 14241063 41779874 15969139 15969139 21799577 63698411 74276887 57802165 43194335 76438076 63698411 19085207 68380492 68380492 24990104 73741122 32043323 19085207 74276887 57802165 6399725 63698411 38400221 32043323 74276887 6544076 63698411 19085207 63698411 14241063 57802165 19085207 74276887 41779874 43194335 57802165 63698411 24990104 14241063 63698411 6399725 19085207 74276887 19085207 63698411 76088323 81364347 76088323 6617684 63698411 76088323 74521690 43194335 6544076 24990104 9247591 9341284 76438076 50105672 18666735 
81364347 74521690 43194335 32043323 12844339 6544076 74276887 19085207 43194335 43194335 24990104 38400221 63698411 1850227 61107682 9341284 15491692 50105672 38838953 59100159 86169223 6617684 63698411 74521690 32043323 29346471 14241063 74276887 21799577 38832059 76088323 44596730 63698411 76088323 74521690 43194335 6544076 24990104 9247591 9341284 76438076 50105672 76088323 63698411 32043323 68380492 63698411 73741122 19085207 38730747 38730747 57802165 6399725 63698411 19085207 63698411 38400221 57802165 32043323 12844339 6544076 74276887 
14241063 41779874 29346471 73741122 74276887 32043323 24990104 29346471 63698411 24990104 14241063 63698411 74276887 6544076 57802165 63698411 14241063 41779874 15969139 15969139 21799577 63698411 74276887 57802165 43194335 76438076 63698411 76088323 76438076 76088323 63698411 32043323 14241063 63698411 76088323 74521690 43194335 6544076 24990104 9247591 9341284 76438076 50105672 76088323 63698411 68380492 19085207 74276887 32043323 68380492 14241063 32043323 57802165 68380492 63698411 74276887 6544076 57802165 
14241063 24990104 38730747 38730747 24990104 38400221 32043323 29346471 12844339 63698411 73741122 24990104 29346471 6399725 32043323 74276887 32043323 24990104 29346471 68380492 18666735 

71262389 44596730 63698411 76088323 74521690 43194335 6544076 24990104 9247591 9341284 76438076 50105672 1943535 25488238 38832059 38838953 86169223 74521690 37866842 57802165 14241063 74276887 43194335 32043323 12844339 6544076 74276887 19085207 43194335 43194335 24990104 38400221 63698411 25488238 63698411 74521690 29346471 68380492 41779874 73741122 73741122 57802165 12354707 9247591 9341284 76438076 50105672 63698411 25488238 6617684 63698411 25488238 74521690 32043323 29346471 63698411 81364347 76088323 81212980 

30431473 44596730 63698411 76088323 74521690 43194335 6544076 24990104 9247591 9341284 76438076 50105672 1943535 25488238 38832059 74521690 12844339 57802165 12354707 74521690 43194335 6544076 24990104 9247591 9341284 76438076 50105672 1943535 21799577 38832059 74521690 37866842 57802165 14241063 74276887 43194335 32043323 12844339 6544076 74276887 19085207 43194335 43194335 24990104 38400221 63698411 25488238 63698411 74521690 68380492 41779874 73741122 73741122 57802165 12354707 9247591 9341284 76438076 50105672 63698411 21799577 76088323 6617684 
76088323 25488238 6617684 63698411 21799577 74521690 32043323 29346471 63698411 81364347 76088323 44596730 

74521690 29346471 24990104 32043323 29346471 6399725 57802165 29346471 74276887 63698411 38400221 6544076 57802165 43194335 57802165 63698411 39378094 39378094 76088323 25488238 
74521690 68380492 41779874 73741122 73741122 57802165 12354707 9247591 9341284 76438076 50105672 21799577 76088323 74162947 63698411 32043323 76438076 7079887 38730747 32043323 57802165 68380492 63698411 74276887 6544076 19085207 74276887 63698411 74276887 6544076 57802165 63698411 6399725 57802165 12844339 43194335 57802165 57802165 63698411 24990104 14241063 63698411 76088323 25488238 76088323 63698411 16956399 57802165 38730747 24990104 29346471 12844339 32043323 29346471 12844339 63698411 74276887 24990104 63698411 76088323 76438076 76088323 63698411 32043323 68380492 
38730747 19085207 43194335 12844339 57802165 43194335 63698411 74276887 6544076 19085207 29346471 63698411 24990104 43194335 63698411 57802165 12354707 41779874 19085207 38730747 63698411 74276887 24990104 63698411 74276887 6544076 19085207 74276887 63698411 24990104 14241063 63698411 76088323 21799577 76088323 63698411 19085207 29346471 6399725 63698411 76088323 63698411 25488238 63698411 74521690 29346471 68380492 41779874 73741122 73741122 57802165 12354707 9247591 9341284 76438076 50105672 63698411 25488238 76088323 63698411 76438076 57802165 19085207 29346471 68380492 63698411 76088323 25488238 76088323 63698411 32043323 68380492 63698411 29346471 24990104 74276887 63698411 16956399 57802165 38730747 24990104 29346471 12844339 32043323 29346471 12844339 63698411 74276887 24990104 63698411 76088323 76438076 76088323 63698411 19085207 74276887 63698411 19085207 38730747 38730747 44596730 
74521690 57802165 29346471 6399725 9341284 6399725 57802165 14241063 32043323 29346471 32043323 74276887 32043323 24990104 29346471 50105672 

26422214 12354707 44596730 1943535 74521690 43194335 57802165 14241063 9341284 26422214 25488238 19085207 76438076 30697803 57802165 32043323 74276887 68569695 41779874 29346471 73741122 74276887 32043323 24990104 29346471 50105672 38832059 63698411 32043323 29346471 63698411 17860622 57802165 73741122 74276887 32043323 24990104 29346471 63698411 15953268 63698411 68380492 6544076 24990104 38400221 68380492 63698411 19085207 63698411 76438076 57802165 74276887 6544076 24990104 6399725 63698411 74276887 24990104 63698411 6399725 57802165 14241063 32043323 29346471 57802165 63698411 38400221 57802165 32043323 12844339 6544076 74276887 63698411 14241063 41779874 29346471 73741122 74276887 32043323 24990104 29346471 68380492 44596730 63698411 19668179 24990104 38400221 63698411 38400221 57802165 63698411 73741122 24990104 29346471 74276887 32043323 29346471 41779874 57802165 63698411 74276887 6544076 57802165 63698411 73741122 24990104 6544076 57802165 43194335 57802165 29346471 73741122 57802165 63698411 76438076 57802165 76438076 16956399 57802165 43194335 68380492 6544076 32043323 7079887 63698411 14241063 41779874 29346471 73741122 74276887 32043323 24990104 29346471 68380492 44596730 63698411 37866842 57802165 74276887 63698411 76088323 81364347 76088323 63698411 16956399 57802165 63698411 19085207 63698411 14241063 32043323 29346471 32043323 74276887 57802165 63698411 6399725 19085207 74276887 19085207 68380492 57802165 74276887 44596730 63698411 52394186 29346471 63698411 74521690 73741122 32043323 74276887 57802165 9341284 25488238 43194335 57802165 14241063 18666735 6904862 16956399 24990104 24990104 37396587 6904862 16956399 24990104 24990104 37396587 50105672 6617684 63698411 32043323 74276887 63698411 6544076 19085207 68380492 63698411 16956399 57802165 57802165 29346471 63698411 7079887 43194335 24990104 57917209 57802165 29346471 63698411 74276887 6544076 19085207 74276887 63698411 14241063 24990104 43194335 63698411 19085207 29346471 21799577 63698411 76088323 74521690 25488238 32043323 38838953 74521690 68380492 41779874 76438076 9247591 9341284 32043323 74521690 32043323 29346471 63698411 52394186 50105672 1943535 74521690 69234765 32043323 9247591 9341284 76438076 74521690 32043323 29346471 
8402439 9247591 9341284 32043323 50105672 50105672 76438076 38832059 63698411 74521690 32043323 29346471 63698411 26422214 25174809 76088323 6617684 63698411 32043323 14241063 63698411 74276887 6544076 57802165 63698411 76438076 57802165 76438076 16956399 57802165 43194335 68380492 6544076 32043323 7079887 63698411 14241063 41779874 29346471 73741122 74276887 32043323 24990104 29346471 63698411 24990104 14241063 63698411 76088323 74521690 25488238 32043323 76088323 63698411 63698411 32043323 68380492 63698411 6399725 57802165 14241063 32043323 29346471 57802165 6399725 63698411 32043323 29346471 63698411 1943535 74521690 43194335 57802165 14241063 9341284 76438076 32043323 41779874 51909143 50105672 38832059 6617684 63698411 74276887 6544076 57802165 29346471 63698411 76088323 74521690 9341284 74521690 76438076 41779874 9247591 9341284 74521690 25488238 32043323 50105672 1943535 25488238 38832059 63698411 84416866 63698411 74521690 25488238 32043323 74521690 32043323 29346471 63698411 26422214 25174809 63698411 74521690 50105672 76088323 63698411 32043323 68380492 63698411 19085207 63698411 68380492 57802165 74276887 63698411 24990104 14241063 63698411 73741122 24990104 6544076 57802165 43194335 57802165 29346471 73741122 57802165 
76438076 57802165 76438076 16956399 57802165 43194335 68380492 6544076 32043323 7079887 63698411 14241063 41779874 29346471 73741122 74276887 32043323 24990104 29346471 68380492 63698411 24990104 14241063 63698411 76088323 1943535 26422214 25174809 6617684 63698411 74521690 38400221 57802165 6399725 12844339 57802165 6617684 63698411 74521690 57917209 57802165 57802165 38832059 76088323 
74521690 16956399 57802165 12844339 32043323 29346471 9341284 57802165 12354707 41779874 19085207 74276887 32043323 24990104 29346471 50105672 
74521690 76438076 41779874 9247591 9341284 74521690 25488238 32043323 50105672 1943535 25488238 38832059 38838953 74521690 68380492 41779874 7079887 9247591 9341284 32043323 74521690 32043323 29346471 63698411 52394186 50105672 74521690 32043323 29346471 14241063 9247591 9341284 74521690 12844339 19085207 76438076 76438076 19085207 74521690 32043323 29346471 63698411 8402439 9247591 32043323 50105672 74521690 14241063 43194335 19085207 73741122 9341284 74521690 68380492 41779874 76438076 9247591 9341284 41779874 74521690 32043323 29346471 
8402439 61107682 74521690 68380492 41779874 73741122 73741122 57802165 12354707 9247591 9341284 32043323 50105672 1943535 25488238 38832059 50105672 74521690 43194335 6544076 24990104 9247591 9341284 74521690 12844339 19085207 76438076 76438076 19085207 50105672 1943535 41779874 38832059 50105672 9341284 74521690 68380492 41779874 76438076 9247591 9341284 41779874 74521690 32043323 29346471 
81364347 50105672 74521690 43194335 6544076 24990104 9247591 9341284 74521690 12844339 19085207 76438076 76438076 19085207 50105672 1943535 41779874 38832059 50105672 6617684 63698411 74521690 63698411 74521690 63698411 74521690 63698411 63698411 74521690 14241063 24990104 43194335 19085207 38730747 38730747 63698411 25488238 74521690 32043323 29346471 63698411 81364347 6617684 63698411 74521690 38730747 19085207 16956399 57802165 38730747 9341284 76438076 32043323 41779874 51909143 50105672 
74521690 57802165 29346471 6399725 9341284 57802165 12354707 41779874 19085207 74276887 32043323 24990104 29346471 50105672 
38400221 6544076 57802165 43194335 57802165 63698411 76088323 74521690 43194335 6544076 24990104 9247591 9341284 74521690 12844339 19085207 76438076 76438076 19085207 50105672 1943535 25488238 38832059 76088323 63698411 32043323 68380492 63698411 19085207 63698411 38400221 57802165 32043323 12844339 6544076 74276887 63698411 14241063 41779874 29346471 73741122 74276887 32043323 24990104 29346471 63698411 24990104 14241063 63698411 63698411 14241063 41779874 15969139 15969139 21799577 63698411 74276887 57802165 43194335 76438076 63698411 76088323 74521690 12844339 19085207 76438076 76438076 19085207 76088323 63698411 19085207 29346471 6399725 63698411 76088323 8402439 61107682 74521690 68380492 41779874 73741122 73741122 57802165 12354707 9247591 9341284 32043323 50105672 1943535 25488238 38832059 76088323 63698411 32043323 68380492 63698411 6399725 57802165 14241063 32043323 29346471 57802165 6399725 63698411 32043323 29346471 63698411 1943535 74521690 43194335 57802165 14241063 9341284 41779874 29346471 6399725 57802165 43194335 79678596 8402439 50105672 38832059 44596730 

52394186 29346471 63698411 12844339 57802165 29346471 57802165 43194335 19085207 38730747 6617684 63698411 74276887 6544076 57802165 63698411 6399725 19085207 74276887 19085207 68380492 57802165 74276887 63698411 76088323 81364347 76088323 63698411 32043323 68380492 63698411 19085207 68380492 68380492 41779874 76438076 57802165 6399725 63698411 74276887 24990104 63698411 16956399 57802165 63698411 19085207 63698411 14241063 32043323 29346471 32043323 74276887 57802165 63698411 24990104 16956399 68380492 57802165 43194335 57917209 19085207 74276887 32043323 24990104 29346471 68380492 63698411 14241063 43194335 24990104 76438076 
19085207 63698411 7079887 43194335 24990104 16956399 19085207 16956399 32043323 38730747 32043323 74276887 21799577 
68380492 7079887 19085207 73741122 57802165 63698411 76088323 1943535 74521690 42703056 76438076 57802165 12844339 19085207 6617684 63698411 74521690 76438076 19085207 74276887 6544076 73741122 19085207 38730747 9341284 68569695 50105672 6617684 63698411 74521690 76438076 19085207 74276887 6544076 73741122 19085207 38730747 9341284 69234765 50105672 38832059 76088323 44596730 63698411 46831858 6544076 41779874 68380492 63698411 74276887 6544076 57802165 63698411 19085207 16956399 24990104 57917209 57802165 63698411 76438076 57802165 76438076 16956399 57802165 43194335 68380492 6544076 32043323 7079887 63698411 14241063 41779874 29346471 73741122 74276887 32043323 24990104 29346471 63698411 1943535 74521690 43194335 57802165 14241063 9341284 76438076 32043323 41779874 51909143 50105672 38832059 63698411 73741122 19085207 29346471 63698411 16956399 57802165 63698411 57802165 25488238 74276887 57802165 29346471 6399725 57802165 6399725 63698411 74276887 24990104 63698411 38400221 6544076 24990104 38730747 57802165 63698411 68380492 7079887 19085207 73741122 57802165 63698411 76088323 74521690 42703056 76438076 57802165 12844339 19085207 76088323 63698411 19085207 68380492 63698411 14241063 24990104 38730747 38730747 24990104 38400221 68380492 
74521690 16956399 57802165 12844339 32043323 29346471 9341284 57802165 12354707 41779874 19085207 74276887 32043323 24990104 29346471 50105672 
74521690 76438076 41779874 9247591 9341284 74521690 25488238 32043323 50105672 1943535 25488238 38832059 38838953 74521690 68380492 41779874 7079887 9247591 9341284 32043323 74521690 32043323 29346471 63698411 52394186 50105672 74521690 32043323 29346471 14241063 9247591 9341284 74521690 12844339 19085207 76438076 76438076 19085207 74521690 32043323 29346471 63698411 8402439 9247591 9341284 32043323 50105672 50105672 74521690 14241063 43194335 19085207 73741122 9341284 74521690 32043323 29346471 74276887 9247591 9341284 
8402439 61107682 74521690 68380492 41779874 73741122 73741122 57802165 12354707 9247591 9341284 32043323 50105672 1943535 25488238 38832059 50105672 74521690 43194335 6544076 24990104 9247591 9341284 74521690 12844339 19085207 76438076 76438076 19085207 50105672 1943535 74276887 38832059 6399725 74521690 76438076 19085207 74276887 6544076 73741122 19085207 38730747 9341284 69234765 50105672 1943535 74276887 38832059 50105672 9341284 74521690 32043323 29346471 74276887 9247591 9341284 74521690 42703056 76438076 57802165 12844339 19085207 50105672 74521690 43194335 6544076 24990104 9247591 9341284 74521690 12844339 19085207 76438076 76438076 19085207 50105672 1943535 74276887 38832059 6399725 74521690 76438076 19085207 74276887 6544076 73741122 19085207 38730747 9341284 69234765 50105672 1943535 74276887 38832059 50105672 6617684 63698411 74521690 63698411 74521690 63698411 74521690 63698411 74521690 
63698411 74521690 14241063 24990104 43194335 19085207 38730747 38730747 63698411 25488238 74521690 32043323 29346471 63698411 74521690 42703056 76438076 57802165 12844339 19085207 6617684 63698411 74521690 38730747 19085207 16956399 57802165 38730747 9341284 76438076 32043323 41779874 35821223 50105672 
74521690 57802165 29346471 6399725 9341284 57802165 12354707 41779874 19085207 74276887 32043323 24990104 29346471 50105672 
52394186 29346471 63698411 74521690 73741122 32043323 74276887 57802165 9341284 25488238 43194335 57802165 14241063 18666735 6904862 16956399 24990104 24990104 37396587 6904862 16956399 24990104 24990104 37396587 50105672 6617684 63698411 32043323 74276887 63698411 6544076 19085207 68380492 63698411 16956399 57802165 57802165 29346471 63698411 7079887 43194335 24990104 57917209 57802165 29346471 63698411 74276887 6544076 19085207 74276887 63698411 74276887 6544076 57802165 63698411 76438076 57802165 76438076 16956399 57802165 43194335 68380492 6544076 32043323 7079887 63698411 14241063 41779874 29346471 73741122 74276887 32043323 24990104 29346471 68380492 63698411 6399725 57802165 14241063 32043323 29346471 57802165 6399725 63698411 16956399 21799577 63698411 1943535 74521690 43194335 57802165 14241063 9341284 76438076 32043323 41779874 35821223 50105672 38832059 63698411 19085207 43194335 57802165 63698411 19085207 38730747 68380492 24990104 63698411 73741122 24990104 6544076 57802165 43194335 57802165 29346471 74276887 63698411 76438076 57802165 76438076 16956399 57802165 43194335 68380492 6544076 32043323 7079887 63698411 14241063 41779874 29346471 73741122 74276887 32043323 24990104 29346471 68380492 63698411 19085207 29346471 6399725 63698411 74276887 6544076 57802165 
76438076 57802165 76438076 16956399 57802165 43194335 68380492 6544076 32043323 7079887 63698411 14241063 41779874 29346471 73741122 74276887 32043323 24990104 29346471 63698411 6399725 57802165 14241063 32043323 29346471 57802165 6399725 63698411 16956399 21799577 63698411 1943535 74521690 43194335 57802165 14241063 9341284 76438076 32043323 41779874 51909143 50105672 38832059 63698411 73741122 24990104 29346471 57917209 57802165 43194335 12844339 57802165 68380492 63698411 74276887 24990104 63698411 74276887 6544076 19085207 74276887 63698411 6399725 57802165 14241063 32043323 29346471 57802165 6399725 63698411 16956399 21799577 63698411 1943535 74521690 43194335 57802165 14241063 9341284 76438076 32043323 41779874 35821223 50105672 38832059 6617684 63698411 14241063 24990104 43194335 63698411 19085207 38730747 38730747 63698411 76088323 25488238 74521690 32043323 29346471 63698411 74521690 42703056 76438076 57802165 12844339 19085207 76088323 
19085207 68380492 63698411 76088323 84416866 81364347 84416866 76088323 63698411 19085207 7079887 7079887 43194335 24990104 19085207 73741122 6544076 57802165 68380492 63698411 74276887 24990104 63698411 32043323 29346471 14241063 32043323 29346471 32043323 74276887 21799577 44596730 63698411 46831858 6544076 32043323 68380492 63698411 57802165 29346471 68380492 41779874 43194335 57802165 68380492 63698411 74276887 6544076 19085207 74276887 63698411 74276887 6544076 57802165 63698411 38730747 19085207 38400221 68380492 63698411 6399725 32043323 68380492 73741122 24990104 57917209 57802165 43194335 57802165 6399725 63698411 16956399 19085207 68380492 57802165 6399725 63698411 24990104 29346471 63698411 74276887 6544076 57802165 63698411 76438076 57802165 76438076 16956399 57802165 43194335 68380492 6544076 32043323 7079887 63698411 14241063 41779874 29346471 73741122 74276887 32043323 24990104 29346471 68380492 63698411 19085207 29346471 6399725 63698411 74276887 6544076 57802165 32043323 43194335 
38730747 24990104 12844339 32043323 73741122 63698411 24990104 7079887 57802165 43194335 19085207 74276887 32043323 24990104 29346471 68380492 63698411 6399725 57802165 74276887 57802165 43194335 76438076 32043323 29346471 57802165 6399725 63698411 16956399 21799577 63698411 74276887 6544076 57802165 63698411 14241063 32043323 29346471 32043323 74276887 57802165 63698411 24990104 16956399 68380492 57802165 43194335 57917209 57802165 6399725 63698411 6399725 19085207 74276887 19085207 63698411 76088323 81364347 76088323 63698411 1943535 74521690 43194335 57802165 14241063 9341284 76438076 32043323 41779874 51909143 50105672 38832059 63698411 73741122 19085207 29346471 63698411 16956399 57802165 63698411 57802165 25488238 74276887 57802165 29346471 6399725 57802165 6399725 63698411 74276887 24990104 63698411 74276887 6544076 57802165 63698411 38400221 6544076 24990104 38730747 57802165 63698411 68380492 7079887 19085207 73741122 57802165 63698411 76088323 74521690 42703056 76438076 57802165 12844339 19085207 76088323 63698411 16956399 21799577 63698411 76438076 57802165 76438076 16956399 57802165 43194335 68380492 6544076 32043323 7079887 63698411 14241063 41779874 29346471 73741122 74276887 32043323 24990104 29346471 68380492 63698411 1943535 74521690 43194335 57802165 14241063 9341284 76438076 32043323 41779874 35821223 50105672 38832059 63698411 19085207 29346471 6399725 63698411 19085207 29346471 19085207 38730747 21799577 15969139 57802165 6399725 63698411 32043323 29346471 63698411 74276887 6544076 57802165 63698411 14241063 43194335 19085207 76438076 57802165 38400221 24990104 43194335 37396587 63698411 24990104 14241063 63698411 7079887 43194335 24990104 16956399 19085207 16956399 32043323 38730747 32043323 74276887 21799577 63698411 74276887 6544076 57802165 24990104 43194335 21799577 44596730 
